Instance name : bar-n400-2
Authors       : BIG3 - Dmitriy Yampolskiy, Egor Nikolaev and Daria Savina. Smart Logistics Point by the BigThree team (big3.ru).
Date          : 2025-06-30
Reference     : BigThree team (big3.ru)
Solution
Route 1 : 166 160 366 190 21 221 360 11 390 211 200 199 399 400
Route 2 : 143 95 124 343 163 324 295 83 363 61 261 158 283 358
Route 3 : 58 258 66 155 266 93 113 313 355 173 293 33 373 233
Route 4 : 43 189 55 12 243 389 212 132 31 231 255 332 18 218
Route 5 : 102 37 302 141 131 237 35 341 331 53 24 224 235 253
Route 6 : 114 105 305 134 38 238 125 314 334 325 69 269
Route 7 : 62 49 249 191 262 20 220 177 391 195 395 68 377 268
Route 8 : 193 196 101 301 186 396 107 393 386 168 307 368
Route 9 : 123 197 397 130 135 335 169 330 323 110 46 369 310 246
Route 10 : 29 40 229 63 32 57 86 15 240 263 286 257 232 215
Route 11 : 187 154 387 27 142 227 342 84 36 13 236 284 354 213
Route 12 : 108 42 54 308 194 170 394 254 370 242 180 380 65 265
Route 13 : 41 115 315 241 91 118 94 85 285 291 318 294 88 288
Route 14 : 14 150 214 60 260 350 184 192 50 392 87 384 287 250
Route 15 : 175 56 162 362 256 179 375 379 172 121 372 127 327 321
Route 16 : 45 157 357 89 67 245 129 267 289 23 223 329
Route 17 : 77 64 106 306 277 264 92 80 280 292 75 71 275 271
Route 18 : 116 151 16 216 316 351 161 136 39 336 239 361
Route 19 : 17 139 339 48 217 82 248 165 282 47 365 247
Route 20 : 174 90 374 290 119 8 72 208 272 117 5 317 144 344 319 205
Route 21 : 70 270 76 30 97 1 276 98 176 298 376 297 230 19 201 219
Route 22 : 137 59 103 185 259 303 337 188 385 9 209 164 388 364
Route 23 : 183 167 156 383 6 367 206 73 356 109 273 309 146 346
Route 24 : 10 120 320 198 210 398 79 74 152 279 148 348 274 352
Route 25 : 96 4 296 182 382 171 112 25 371 312 225 204
Route 26 : 111 100 7 300 128 311 207 2 138 159 338 328 202 359
Route 27 : 181 122 322 78 278 140 340 178 381 149 3 203 349 378
Route 28 : 52 252 126 34 133 234 81 51 326 251 333 153 147 347 353 281
Route 29 : 28 99 104 228 299 145 26 345 22 304 44 244 226 222
