Instance name : bar-n400-1
Authors       : BIG3 - Dmitriy Yampolskiy, Egor Nikolaev and Daria Savina. Smart Logistics Point by the BigThree team (big3.ru).
Date          : 2025-06-30
Reference     : BigThree team (big3.ru)
Solution
Route 1 : 14 22 222 129 49 329 95 249 295 214
Route 2 : 69 113 86 269 286 313 75 82 122 275 282 182 382 322
Route 3 : 135 335 16 3 140 203 88 216 340 112 288 312 145 345
Route 4 : 15 119 108 319 308 215 172 80 280 96 66 372 296 266
Route 5 : 114 314 144 90 26 56 290 344 102 302 62 256 226 262
Route 6 : 29 229 52 50 252 250 125 170 325 370 147 347
Route 7 : 173 373 179 93 379 28 23 293 223 228 116 99 185 316 299 385
Route 8 : 55 152 352 31 255 231 18 79 117 20 279 317 220 218
Route 9 : 157 136 336 357 58 47 7 258 194 247 207 394 195 395
Route 10 : 61 53 261 175 253 192 375 392 115 107 307 315
Route 11 : 118 81 318 281 74 167 174 367 200 374 274 400
Route 12 : 34 5 9 234 209 19 219 205 178 57 378 257
Route 13 : 159 168 124 359 83 324 368 180 283 32 380 232 189 389
Route 14 : 30 84 89 68 289 284 230 268 148 190 348 38 390 238
Route 15 : 8 123 155 208 73 104 323 304 198 355 273 398
Route 16 : 120 141 176 341 320 105 376 142 305 43 243 342
Route 17 : 161 11 76 276 211 150 361 153 193 350 353 393
Route 18 : 158 196 188 358 396 24 187 388 183 224 383 387
Route 19 : 42 242 97 2 131 202 331 297 137 165 365 337
Route 20 : 27 101 227 59 259 71 134 271 301 45 334 245
Route 21 : 184 65 384 10 265 94 181 210 12 98 294 381 298 212
Route 22 : 87 39 287 92 36 239 13 236 121 292 213 321
Route 23 : 21 156 160 164 360 221 356 197 364 397
Route 24 : 85 37 1 110 237 201 285 51 251 64 106 310 306 264
Route 25 : 60 154 151 354 260 77 17 351 217 277 127 327
Route 26 : 91 48 248 111 146 346 138 338 291 139 311 339
Route 27 : 163 72 109 363 126 272 326 40 309 70 35 240 270 235
Route 28 : 186 143 386 44 130 330 343 46 244 128 328 246 177 377
Route 29 : 100 169 63 369 133 33 300 233 103 263 333 303
Route 30 : 67 54 267 132 162 332 254 166 366 171 149 362 371 349
Route 31 : 25 78 225 4 191 204 6 278 199 206 399 41 241 391
