Instance name : bar-n400-3
Authors       : BIG3 - Dmitriy Yampolskiy, Egor Nikolaev and Daria Savina. Smart Logistics Point by the BigThree team (big3.ru).
Date          : 2025-06-30
Reference     : BigThree team (big3.ru)
Solution
Route 1 : 74 274 127 117 327 15 317 184 215 54 384 129 254 18 329 218 43 49 243 20 249 173 220 200 373 108 65 308 198 400 199 398 32 265 399 232 34 234
Route 2 : 88 150 288 350 110 310 80 89 7 280 119 319 46 289 107 207 307 246 175 167 375 153 57 367 353 257 168 114 368 62 162 262 314 17 181 362 217 381
Route 3 : 76 40 276 132 240 186 386 332 111 183 383 311 147 104 304 128 347 77 277 328 19 21 219 33 221 93 233 293 125 325 85 63 285 105 263 36 156 142 236 305 356 342
Route 4 : 137 190 337 51 390 95 251 295 5 205 116 48 185 248 174 316 374 385 187 115 315 8 52 387 208 197 397 70 252 82 270 154 282 102 302 144 344 354
Route 5 : 98 60 298 96 260 148 296 348 35 11 140 211 166 27 235 227 9 340 366 209 192 392 97 297 159 143 343 6 206 59 359 31 121 231 259 321 23 223
Route 6 : 120 56 320 141 38 256 109 309 341 91 238 291 179 10 210 131 379 158 358 47 100 247 331 300 73 68 273 268 71 271 64 126 67 264 3 267 178 326 203 378
Route 7 : 163 135 2 202 363 335 172 55 255 1 372 201 79 145 345 180 380 53 279 42 69 253 242 134 334 12 269 157 212 72 357 37 99 299 237 130 272 29 330 229 50 250
Route 8 : 13 24 213 45 14 245 139 224 339 214 164 177 364 377 146 165 346 193 393 136 336 365 66 189 266 389 16 84 216 284 149 94 39 294 25 239 103 225 303 87 349 30 230 287
Route 9 : 41 123 323 26 226 241 124 101 44 28 244 301 228 324 195 176 395 194 4 204 376 160 394 92 292 360 188 171 388 196 371 81 118 396 318 281 161 361
Route 10 : 151 112 86 83 312 286 283 351 75 122 106 306 275 90 169 290 170 322 369 78 191 391 278 133 333 152 22 352 370 222 182 138 382 338 113 313 58 61 155 258 261 355
