Instance name : bar-n400-6
Authors       : BIG3 - Dmitriy Yampolskiy, Egor Nikolaev and Daria Savina. Smart Logistics Point by the BigThree team (big3.ru).
Date          : 2025-06-30
Reference     : BigThree team (big3.ru)
Solution
Route 1 : 49 96 296 164 249 153 353 364 193 174 30 62 262 393 230 374 10 31 210 231 26 226
Route 2 : 105 188 92 305 292 63 388 57 161 361 263 186 386 257 189 8 208 389 107 307
Route 3 : 190 13 390 157 213 116 357 182 108 316 33 308 152 382 47 247 233 352
Route 4 : 154 151 354 351 98 21 298 133 333 111 311 79 166 221 25 225 279 366
Route 5 : 27 99 299 94 48 294 227 121 93 293 248 19 159 359 219 81 80 321 281 280
Route 6 : 150 9 209 126 326 110 350 310 149 51 251 83 349 283 86 147 171 371 286 347
Route 7 : 102 18 50 3 250 11 218 183 211 65 203 265 28 383 228 43 131 243 302 331
Route 8 : 91 187 58 192 387 291 392 22 258 222 179 6 379 71 52 271 134 206 252 334
Route 9 : 197 130 397 155 70 61 330 355 23 261 223 270 5 76 170 276 29 370 205 229
Route 10 : 67 56 115 256 85 315 82 39 285 239 64 282 135 4 264 204 335 267
Route 11 : 16 132 104 12 216 212 304 32 78 278 40 160 360 232 54 332 240 254 37 199 237 399
Route 12 : 124 324 114 125 325 117 314 317 68 268 176 101 376 87 77 184 301 277 287 384
Route 13 : 180 84 284 380 144 73 344 42 273 173 373 118 242 44 318 244 175 375 1 201
Route 14 : 162 362 14 112 75 312 34 275 214 172 372 167 156 234 367 356 120 320
Route 15 : 185 60 119 319 385 142 342 260 38 17 238 165 365 217 181 24 224 381 140 340
Route 16 : 36 2 202 146 236 123 323 74 346 127 178 378 327 7 207 195 274 89 191 289 391 395
Route 17 : 141 88 163 363 138 288 20 220 106 341 196 90 396 46 338 246 97 290 45 245 297 306
Route 18 : 100 168 368 109 177 300 169 377 103 369 198 303 398 69 143 269 343 309
Route 19 : 53 129 41 253 128 136 329 15 241 336 95 215 328 148 137 295 348 158 337 59 358 259
Route 20 : 35 235 113 313 200 194 122 322 400 66 55 394 266 139 255 339 72 145 345 272
