Instance name : ber-n400-4
Authors       : BIG3 - Dmitriy Yampolskiy, Egor Nikolaev and Daria Savina. Smart Logistics Point by the BigThree team (big3.ru).
Date          : 2025-06-30
Reference     : BigThree team (big3.ru)
Solution
Route 1 : 195 395 1 45 196 245 201 396 64 4 95 204 264 134 295 181 194 334 381 394 71 9 271 209
Route 2 : 69 197 269 397 48 248 2 202 101 301 144 146 346 344 156 356 15 159 215 100 359 300
Route 3 : 135 191 335 391 89 61 289 86 261 286 5 112 312 205 57 165 365 257 136 336 27 227
Route 4 : 137 41 337 241 18 52 252 46 218 246 7 168 207 368 175 126 375 326 130 133 330 333 116 316
Route 5 : 75 275 49 186 249 103 386 303 163 102 363 79 302 279 178 33 378 99 233 299
Route 6 : 17 140 217 340 173 373 187 387 171 105 305 65 265 371 161 70 270 361 110 310
Route 7 : 44 12 212 97 244 82 297 53 282 253 16 190 216 199 399 390 66 13 266 98 298 213
Route 8 : 85 109 129 285 329 309 93 106 40 293 306 240 63 263 200 179 400 379 169 138 369 338
Route 9 : 183 383 157 150 350 357 145 72 345 3 117 203 36 317 272 236 84 170 284 83 370 283
Route 10 : 60 111 260 311 8 119 319 208 19 219 113 50 250 313 67 155 267 166 355 91 366 291
Route 11 : 62 37 262 31 237 231 51 77 251 193 393 76 277 188 276 388 120 24 320 224 142 47 247 342
Route 12 : 87 147 287 32 35 235 347 74 274 125 232 54 325 254 123 107 307 323 23 29 223 229
Route 13 : 30 230 80 78 280 278 177 377 55 255 131 88 158 331 358 288 115 25 225 315 162 132 332 362
Route 14 : 160 92 360 39 10 239 210 172 292 372 22 180 222 380 127 6 327 192 206 392
Route 15 : 56 164 364 256 20 220 121 81 321 281 149 349 154 354 167 28 228 367 90 43 243 143 343 290
Route 16 : 153 42 353 128 242 328 189 389 182 185 385 382 152 124 352 148 94 324 348 151 351 294
Route 17 : 14 59 214 259 122 322 176 376 38 58 258 238 141 114 314 341 96 296 118 184 384 318
Route 18 : 174 374 26 34 21 234 198 398 104 304 11 211 68 268 226 73 139 339 221 273 108 308
