Instance name : ber-n400-3
Authors       : BIG3 - Dmitriy Yampolskiy, Egor Nikolaev and Daria Savina. Smart Logistics Point by the BigThree team (big3.ru).
Date          : 2025-06-30
Reference     : BigThree team (big3.ru)
Solution
Route 1 : 106 4 204 306 111 37 237 311 91 291
Route 2 : 99 115 65 315 299 198 67 267 265 398
Route 3 : 32 166 366 232 49 74 249 100 274 300
Route 4 : 83 78 278 283 54 254 11 175 211 375
Route 5 : 81 51 251 134 334 133 192 333 392 281
Route 6 : 27 45 227 20 245 220 152 352 85 285
Route 7 : 136 336 56 25 155 256 355 225 180 380
Route 8 : 13 213 150 350 144 22 222 344
Route 9 : 50 149 349 250 167 112 312 367 163 363
Route 10 : 108 68 308 137 268 62 337 124 262 324
Route 11 : 8 208 110 310 178 185 378 385 154 354
Route 12 : 3 88 288 203 174 374 131 331
Route 13 : 104 304 117 96 119 317 296 66 319 266
Route 14 : 5 97 173 297 373 29 229 122 322 146 346 205
Route 15 : 123 120 320 323 143 343 10 210 113 313
Route 16 : 55 59 259 255 193 393 94 294 126 326
Route 17 : 103 153 303 161 361 1 95 201 295 353
Route 18 : 183 157 172 357 383 372 142 132 342 332
Route 19 : 53 188 253 33 388 199 233 158 358 399
Route 20 : 9 196 151 396 52 209 351 252
Route 21 : 102 302 159 359 92 23 292 223
Route 22 : 189 389 70 171 371 118 270 181 318 381
Route 23 : 73 273 138 42 338 35 242 235 164 364
Route 24 : 135 335 107 307 184 384 105 194 394 305
Route 25 : 2 186 179 202 386 379 40 240 24 224
Route 26 : 182 382 169 17 84 369 217 284 125 325
Route 27 : 30 160 187 360 387 76 230 276 197 397
Route 28 : 89 289 93 293 71 28 228 271 6 206
Route 29 : 14 80 214 280 58 43 243 258 140 340
Route 30 : 127 327 16 216 12 34 177 212 234 377
Route 31 : 190 390 48 82 282 63 248 263 7 207
Route 32 : 145 345 148 128 348 328 90 191 391 290
Route 33 : 168 47 247 368 79 61 261 279
Route 34 : 44 165 15 215 244 101 64 301 365 264
Route 35 : 36 236 69 269 114 46 314 246 26 226
Route 36 : 139 60 260 77 339 141 277 341 19 219
Route 37 : 86 286 18 72 272 200 218 400
Route 38 : 41 241 129 329 121 21 221 98 321 298
Route 39 : 170 162 370 362 87 31 231 75 109 275 309 287
Route 40 : 39 239 176 147 376 156 347 356 116 316
Route 41 : 130 195 330 57 38 395 257 238
