Instance name : ber-n400-5
Authors       : BIG3 - Dmitriy Yampolskiy, Egor Nikolaev and Daria Savina. Smart Logistics Point by the BigThree team (big3.ru).
Date          : 2025-06-30
Reference     : BigThree team (big3.ru)
Solution
Route 1 : 142 145 342 70 34 10 270 234 345 64 196 210 396 264
Route 2 : 156 115 126 315 53 326 356 79 176 253 279 129 329 376 90 290
Route 3 : 1 140 201 119 340 135 5 335 319 125 205 160 360 325
Route 4 : 180 380 185 174 124 374 385 324 96 155 355 296
Route 5 : 131 76 331 276 48 6 7 248 207 206 75 275 11 133 333 211
Route 6 : 154 77 354 91 277 71 9 291 95 209 193 271 295 393
Route 7 : 86 116 177 377 316 144 286 83 344 146 283 183 346 107 383 23 307 223
Route 8 : 57 153 353 100 300 55 255 103 257 303 161 158 110 358 310 361
Route 9 : 29 47 247 164 229 364 181 381 80 130 330 162 280 362
Route 10 : 194 72 272 394 166 136 366 192 336 392 46 81 246 281
Route 11 : 195 395 19 112 219 197 200 312 67 400 267 397 62 262
Route 12 : 172 163 188 363 97 372 388 297 41 241 171 44 371 2 244 202
Route 13 : 13 178 213 122 42 322 378 54 254 137 337 242 87 287
Route 14 : 132 113 143 343 167 313 332 367 78 25 278 61 12 261 225 212
Route 15 : 106 50 306 26 226 250 199 56 152 399 256 16 352 216 73 184 384 273
Route 16 : 58 104 304 258 63 14 214 92 292 173 263 169 373 36 236 369
Route 17 : 84 32 232 159 284 359 108 121 308 18 321 168 368 170 370 218
Route 18 : 98 298 82 179 282 379 59 94 294 109 259 128 328 309 182 382
Route 19 : 85 285 52 148 252 348 8 66 150 35 208 350 235 118 318 31 231 266
Route 20 : 21 134 334 149 221 114 349 127 314 24 327 139 339 93 224 293
Route 21 : 102 111 187 311 99 302 299 22 387 17 217 15 222 215
Route 22 : 33 233 74 274 165 141 341 89 365 289 65 265 117 69 317 269
Route 23 : 38 45 245 190 238 3 203 39 239 105 390 101 305 301
Route 24 : 40 240 43 37 237 157 243 191 357 27 391 88 288 227
Route 25 : 120 186 320 4 204 30 386 60 175 230 260 51 251 375 28 228
Route 26 : 147 189 389 347 151 49 249 138 123 20 323 198 338 398 68 220 351 268
