Instance name : poa-n400-3
Authors       : BIG3 - Dmitriy Yampolskiy, Egor Nikolaev and Daria Savina. Smart Logistics Point by the BigThree team (big3.ru).
Date          : 2025-06-30
Reference     : BigThree team (big3.ru)
Solution
Route 1 : 157 74 357 274 147 347 36 54 236 254
Route 2 : 43 114 26 243 19 46 246 314 226 219
Route 3 : 78 18 190 92 278 292 20 218 390 220
Route 4 : 72 90 129 65 290 272 329 27 227 265
Route 5 : 124 29 229 87 4 204 146 23 287 223 346 324
Route 6 : 144 119 319 97 200 297 344 21 400 221 60 260
Route 7 : 105 191 82 49 249 282 305 163 391 363
Route 8 : 169 123 171 371 323 369 138 148 338 348
Route 9 : 109 122 322 161 309 44 361 75 275 244
Route 10 : 34 234 170 55 39 370 255 143 343 239
Route 11 : 189 58 16 258 192 216 389 160 360 392
Route 12 : 168 368 139 339 155 59 137 259 337 355
Route 13 : 194 116 316 394 15 128 98 215 166 328 366 298
Route 14 : 150 102 10 350 302 40 210 240 185 385
Route 15 : 110 52 310 5 205 30 252 230 154 354
Route 16 : 79 99 279 193 89 31 299 393 231 289 1 201
Route 17 : 121 50 172 250 372 158 321 96 188 358 388 296
Route 18 : 64 264 136 118 141 318 341 186 336 386
Route 19 : 80 198 280 85 398 178 285 378 131 331
Route 20 : 62 66 266 142 262 184 342 91 291 384
Route 21 : 108 177 377 308 195 164 56 395 364 256
Route 22 : 176 132 113 332 313 196 376 396 76 276
Route 23 : 145 22 173 222 373 14 214 73 273 345
Route 24 : 45 104 111 304 41 245 133 311 241 333
Route 25 : 8 2 202 12 212 208 165 365 112 312
Route 26 : 68 187 387 6 206 268 61 152 352 261
Route 27 : 182 77 382 277 71 175 7 207 271 375
Route 28 : 33 156 125 325 233 356 126 100 326 300
Route 29 : 38 174 238 179 374 95 53 295 379 253
Route 30 : 32 35 235 63 263 232 94 120 294 320
Route 31 : 167 367 199 17 399 130 69 217 269 330
Route 32 : 134 81 334 57 281 257 51 25 225 251
Route 33 : 162 362 183 101 383 151 180 380 301 149 351 349
Route 34 : 127 11 327 37 237 211 28 70 228 270
Route 35 : 107 103 24 303 67 307 224 267 106 306
Route 36 : 88 86 197 397 286 3 13 288 213 203
Route 37 : 42 242 83 117 93 283 293 317
Route 38 : 181 48 140 340 248 47 381 84 247 284
Route 39 : 135 159 115 315 359 335 153 9 353 209
