Instance name : poa-n400-1
Authors       : BIG3 - Dmitriy Yampolskiy, Egor Nikolaev and Daria Savina. Smart Logistics Point by the BigThree team (big3.ru).
Date          : 2025-06-30
Reference     : BigThree team (big3.ru)
Solution
Route 1 : 89 154 289 59 354 4 259 77 277 88 204 141 341 74 66 266 288 166 366 274
Route 2 : 32 183 383 117 317 145 61 345 232 64 261 2 71 264 202 271 109 309
Route 3 : 93 151 81 50 281 250 293 351 140 340 139 167 96 367 25 296 339 225
Route 4 : 143 178 191 343 391 105 7 378 128 207 82 282 67 120 328 320 305 267
Route 5 : 29 57 30 86 230 229 286 142 257 342 199 80 51 5 399 280 205 251
Route 6 : 150 119 350 148 319 194 394 348 121 144 344 196 321 24 15 396 224 215
Route 7 : 126 147 127 326 347 198 327 129 398 329 170 125 370 325 180 380
Route 8 : 136 58 162 258 73 158 358 336 362 273 168 13 94 213 294 368
Route 9 : 190 174 374 70 270 35 390 169 369 100 235 106 306 300 173 373 14 214
Route 10 : 132 60 118 332 318 260 17 161 361 114 217 65 314 75 265 165 275 365
Route 11 : 102 302 23 99 223 43 182 243 382 299 18 97 297 218 123 323 76 276
Route 12 : 72 49 249 48 78 278 272 159 248 63 359 149 45 263 189 349 245 389
Route 13 : 115 315 152 1 201 135 352 34 27 335 83 227 176 234 376 28 283 228
Route 14 : 16 36 236 137 138 337 216 338 200 163 400 363 104 47 304 195 247 395
Route 15 : 31 124 324 53 130 231 253 197 397 330 110 133 131 310 187 331 387 333
Route 16 : 101 54 19 301 171 219 254 116 69 371 68 316 111 269 268 311
Route 17 : 184 55 113 255 9 10 384 146 313 210 209 26 346 40 240 226
Route 18 : 90 79 279 153 290 20 108 308 353 42 220 103 11 242 303 211
Route 19 : 157 155 357 355 87 33 95 287 233 39 179 295 379 156 239 356
Route 20 : 37 177 134 237 12 52 377 172 6 334 252 206 372 84 212 3 203 284
Route 21 : 175 22 375 164 222 364 185 44 38 188 385 56 256 244 388 238
Route 22 : 186 85 285 91 291 41 21 386 193 241 221 92 192 292 393 392
Route 23 : 112 312 160 122 322 360 46 62 262 181 246 381 8 98 107 307 208 298
