Instance name : poa-n400-5
Authors       : BIG3 - Dmitriy Yampolskiy, Egor Nikolaev and Daria Savina. Smart Logistics Point by the BigThree team (big3.ru).
Date          : 2025-06-30
Reference     : BigThree team (big3.ru)
Solution
Route 1 : 138 68 84 268 338 21 284 172 221 107 372 307 45 183 383 70 245 270 28 15 215 228 125 325
Route 2 : 161 154 8 354 361 208 75 72 27 275 227 123 323 136 195 272 395 336 16 40 47 1 216 201 247 240 121 119 319 321
Route 3 : 94 294 137 163 363 337 129 329 64 6 206 264 187 95 387 142 42 295 26 342 61 242 261 108 11 226 308 211
Route 4 : 37 192 237 392 86 63 286 35 263 97 235 297 190 67 390 267 168 368 65 44 244 20 265 173 220 196 396 120 373 320
Route 5 : 150 13 127 213 113 82 327 313 25 282 160 29 225 51 79 360 251 98 279 298 177 229 377 100 350 300 77 277
Route 6 : 112 179 379 135 335 109 312 309 182 99 382 299 78 146 346 124 167 367 324 48 278 248 31 231 7 128 207 328
Route 7 : 130 88 330 159 288 101 359 58 301 81 258 281 106 180 103 303 90 380 93 290 306 30 293 57 230 23 223 257
Route 8 : 33 10 133 210 333 178 378 153 353 76 276 164 233 364 188 5 205 104 388 304 122 169 148 151 322 369 348 22 351 111 311 222
Route 9 : 32 194 232 197 394 132 49 332 397 176 376 249 92 87 12 292 212 158 287 4 358 191 204 199 399 391 105 305
Route 10 : 74 69 17 274 217 131 269 331 118 149 318 349 156 193 126 393 356 36 139 236 339 326 147 155 41 347 241 355
Route 11 : 71 50 271 53 253 250 189 389 117 152 352 73 317 83 273 283 3 203 198 110 310 91 398 291 184 384 143 343
Route 12 : 39 46 239 141 341 246 96 296 52 89 38 289 18 218 14 238 55 214 140 102 302 181 255 24 340 252 381 224
Route 13 : 170 162 370 200 400 362 116 134 316 185 385 334 62 262 171 166 9 209 371 80 366 280 56 256 66 266 144 157 357 344
Route 14 : 145 345 43 19 60 260 219 174 243 374 186 386 2 165 114 202 365 34 234 59 314 175 259 54 254 375 85 285 115 315
