Instance name : poa-n400-4
Authors       : BIG3 - Dmitriy Yampolskiy, Egor Nikolaev and Daria Savina. Smart Logistics Point by the BigThree team (big3.ru).
Date          : 2025-06-30
Reference     : BigThree team (big3.ru)
Solution
Route 1 : 186 386 28 150 228 350 56 256 123 17 323 217 116 316 146 346 78 100 300 278 13 213
Route 2 : 113 26 95 313 226 295 66 266 6 206 142 342 178 145 345 378 187 387 128 328
Route 3 : 120 96 320 296 194 179 394 144 344 379 69 137 337 46 246 169 269 369 105 3 305 203
Route 4 : 54 196 396 254 22 222 122 125 322 154 325 354 168 1 368 201 87 7 287 207 60 260
Route 5 : 149 39 349 239 151 107 351 307 180 380 104 114 101 314 304 301 80 92 280 292 182 382 68 268
Route 6 : 84 284 167 52 367 63 263 252 130 330 152 352 43 243 153 353 94 294 172 161 372 361
Route 7 : 108 85 308 285 191 106 306 391 124 324 139 140 340 339 81 281 129 329 65 265
Route 8 : 138 30 338 164 230 165 364 118 365 318 134 334 10 210 163 170 370 132 363 2 202 332
Route 9 : 148 348 181 381 193 393 72 272 156 192 392 356 59 259 57 50 250 184 257 384 103 303 117 317
Route 10 : 74 174 374 274 189 389 38 238 175 76 276 375 71 136 131 62 336 271 331 262 16 216 12 212
Route 11 : 155 171 371 355 119 31 319 231 40 9 18 209 240 218 188 388 88 288 82 200 282 400
Route 12 : 98 51 251 298 35 235 143 21 221 343 20 220 64 166 264 366 102 302 121 127 321 327
Route 13 : 160 147 360 347 37 53 253 237 173 73 373 273 89 47 289 141 341 247 25 225 36 236
Route 14 : 126 55 133 326 333 255 67 267 157 357 176 34 376 234 44 244 177 77 277 377 33 233
Route 15 : 115 75 315 275 48 248 8 79 208 279 86 286 11 211 185 14 214 32 385 232
Route 16 : 5 205 159 359 195 93 293 135 395 4 335 204 42 242 158 358 58 23 223 190 258 61 390 261
Route 17 : 83 45 283 245 15 215 27 227 29 90 229 110 290 310 109 309 111 311 49 249 91 112 312 291
Route 18 : 24 224 183 99 299 162 383 362 197 97 70 270 297 41 199 399 241 19 198 219 398 397
