Instance name : poa-n400-2
Authors       : BIG3 - Dmitriy Yampolskiy, Egor Nikolaev and Daria Savina. Smart Logistics Point by the BigThree team (big3.ru).
Date          : 2025-06-30
Reference     : BigThree team (big3.ru)
Solution
Route 1 : 21 221 32 121 321 232 54 254 184 384
Route 2 : 48 248 69 75 269 90 275 43 243 290
Route 3 : 19 93 30 96 296 230 293 219
Route 4 : 12 133 185 212 105 333 385 305 34 234
Route 5 : 194 92 394 169 292 135 335 82 369 282
Route 6 : 162 122 362 95 295 167 367 322 148 348 149 349
Route 7 : 104 304 168 181 102 302 381 368 98 144 344 298
Route 8 : 110 310 9 73 273 209 52 123 252 323
Route 9 : 89 120 320 163 289 68 363 268
Route 10 : 41 241 170 370 78 1 201 198 278 398
Route 11 : 7 207 178 117 317 4 378 85 285 204
Route 12 : 11 211 45 193 245 393 131 331 36 236
Route 13 : 107 124 307 77 2 277 324 180 380 202
Route 14 : 191 79 87 100 287 391 279 300
Route 15 : 151 173 373 5 351 66 188 266 205 388
Route 16 : 134 334 112 165 24 224 365 312
Route 17 : 40 17 240 53 176 217 376 189 253 389 10 210
Route 18 : 130 152 352 65 16 330 187 216 387 265
Route 19 : 160 33 233 97 72 297 360 272 99 299
Route 20 : 155 88 355 288 159 150 350 359 74 274
Route 21 : 71 182 153 382 271 192 392 80 353 35 235 280
Route 22 : 61 119 190 319 261 138 390 31 338 231
Route 23 : 103 3 39 239 18 303 145 203 345 218
Route 24 : 28 106 306 118 228 157 318 357 142 342
Route 25 : 62 29 143 229 262 183 50 343 383 250
Route 26 : 81 146 57 67 346 281 267 257 20 220
Route 27 : 136 63 336 263 84 109 284 309 26 226
Route 28 : 8 114 129 329 314 208 44 244
Route 29 : 177 127 59 377 327 200 400 23 223 259
Route 30 : 86 42 242 286 139 14 339 128 214 328
Route 31 : 141 174 341 156 196 396 374 356 175 375
Route 32 : 197 15 215 115 397 186 315 164 386 195 395 364
Route 33 : 47 247 51 46 251 246 91 291
Route 34 : 172 179 379 372 116 132 316 108 332 308
Route 35 : 166 366 76 55 255 199 161 361 276 399 147 347
Route 36 : 6 206 38 25 56 256 225 238 137 337
Route 37 : 22 13 111 311 154 213 222 354 49 249
Route 38 : 101 94 301 294 113 64 313 27 264 227
Route 39 : 37 140 58 60 258 237 340 126 260 326
Route 40 : 171 83 371 125 283 70 270 158 325 358
