Instance name : poa-n400-6
Authors       : BIG3 - Dmitriy Yampolskiy, Egor Nikolaev and Daria Savina. Smart Logistics Point by the BigThree team (big3.ru).
Date          : 2025-06-30
Reference     : BigThree team (big3.ru)
Solution
Route 1 : 40 137 167 97 337 297 240 170 367 370
Route 2 : 190 172 125 173 390 20 325 373 372 220
Route 3 : 124 83 46 283 324 154 246 354
Route 4 : 193 129 17 217 393 44 329 244
Route 5 : 104 140 188 304 60 260 10 210 340 388
Route 6 : 143 166 176 343 366 163 376 174 374 363
Route 7 : 23 223 59 153 259 16 15 216 353 215
Route 8 : 197 397 106 136 27 336 185 385 227 306
Route 9 : 68 268 33 192 191 392 182 391 233 382
Route 10 : 199 131 41 399 331 175 241 375 177 377
Route 11 : 128 66 168 266 91 38 291 328 368 238
Route 12 : 99 96 1 299 112 65 312 296 201 265
Route 13 : 151 94 100 351 178 294 300 32 378 232
Route 14 : 6 53 4 206 253 64 139 204 264 339
Route 15 : 7 120 320 207 144 108 344 308 74 274
Route 16 : 62 164 141 116 341 56 256 364 262 316
Route 17 : 103 179 303 50 122 250 379 79 322 39 279 239
Route 18 : 71 11 89 271 183 383 289 80 280 211
Route 19 : 81 281 77 105 110 305 75 310 277 275
Route 20 : 78 114 278 42 157 357 67 267 314 242
Route 21 : 49 123 30 249 230 186 323 386
Route 22 : 24 132 14 214 224 111 332 13 311 213
Route 23 : 196 396 86 180 380 84 286 63 284 263
Route 24 : 61 22 222 3 203 261 85 285
Route 25 : 134 160 195 147 395 334 347 360
Route 26 : 35 73 117 273 235 189 317 54 254 389
Route 27 : 109 57 115 315 69 309 269 70 257 270
Route 28 : 127 161 327 156 361 88 31 356 231 288
Route 29 : 165 365 34 72 93 234 121 293 272 321
Route 30 : 5 47 82 48 248 282 8 205 208 247
Route 31 : 19 219 169 18 152 218 352 150 369 350
Route 32 : 51 29 229 98 251 171 298 36 371 236
Route 33 : 148 181 381 348 133 113 333 52 313 252
Route 34 : 9 12 209 145 212 119 319 28 345 228
Route 35 : 146 184 87 346 142 159 342 384 287 359
Route 36 : 43 2 158 243 202 358 194 394
Route 37 : 187 387 126 162 200 362 55 400 326 255
Route 38 : 58 76 276 90 102 302 26 290 226 258
Route 39 : 25 101 95 225 301 92 118 295 292 318
Route 40 : 45 149 245 37 349 21 221 135 335 237
Route 41 : 107 138 307 155 130 338 198 355 330 398
